A  = (0.000000, 0.000000)
B  = (4.000000, 0.000000)
C  = (4.000000, 3.000000)
D  = (0.000000, 3.000000)
D' = (-1.333333, 4.000000)
C' = (4.000000, 4.000000)
A' = (-1.333333, 0.000000)

A'BC'D' is a parallelogram.
