# Shared object placeholder
# Contains computational results
q1_x: -0.400000
q1_y: 0.200000
q2_x: 0.400000
q2_y: -0.200000
