k1: -2.1500000000
k2: -4.6500000000
x1: -4.4500000000 -9.3000000000 -11.9000000000
x2: 2.3500000000 -9.3000000000 -15.3000000000
distance: 7.6026311235
exact_distance: 17*sqrt(5)/5
